Sofia (Observ (42.65N, 23.38E) 608156140000           GHCN V3 adj - homogenized

YEAR     JAN     FEB     MAR     APR     MAY     JUN     JUL     AUG     SEP     OCT     NOV     DEC   D-J-F   M-A-M   J-J-A   S-O-N  metANN
1951    0.62    2.72    6.42   11.02   15.62   18.22   19.82   20.62   16.22    7.72    6.32   -0.14    1.88   11.02   19.55   10.09   10.63
1952    0.86    0.46    3.36   12.16   12.76   18.46   20.96   22.66   18.36    9.86    5.46    3.30    0.39    9.43   20.69   11.23   10.44
1953    0.10    0.80    2.70   10.00   13.40   18.90   20.50   18.80   15.80    9.70    2.40   -2.56    1.40    8.70   19.40    9.30    9.70
1954  999.90   -7.66    4.14    7.94   14.14   20.14   20.84   20.94   18.34   11.84    4.24    0.88   -5.67    8.74   20.64   11.47    8.80
1955    1.58    4.78    5.18    6.58   15.38   18.48   20.08   18.58   16.28   12.98    3.98    1.92    2.41    9.05   19.05   11.08   10.40
1956   -1.58   -4.88    0.02   11.12   14.32   17.42   19.32   21.92   17.12   11.02    3.12   -0.55   -1.51    8.49   19.55   10.42    9.24
1957   -2.45    3.95    5.75    9.85   13.05   19.45   21.15   20.75   16.85   11.85    5.65   -1.11    0.32    9.55   20.45   11.45   10.44
1958  999.90  999.90    1.29    7.69   17.29  999.90   21.09  999.90  999.90  999.90    5.79  999.90  999.90    8.76  999.90  999.90  999.90
1959   -2.87   -2.27    5.63    9.63   14.13   16.73   20.13   19.33   13.13  999.90    4.93    3.32   -2.36    9.80   18.73    9.06    8.80
1960   -0.58    1.52    3.82    8.92   13.82   17.42   18.72   20.12   13.92   13.42    7.92    4.20    1.42    8.85   18.75   11.75   10.20
1961   -2.60   -0.20    6.20   12.60   13.00   17.70   19.50   20.10   16.60   11.30    8.00   -0.71    0.47   10.60   19.10   11.97   10.53
1962   -0.51   -1.71    3.09   10.09   16.09   16.99   20.59   22.09   17.19   10.89    7.89   -3.32   -0.98    9.76   19.89   11.99   10.17
1963   -5.82   -0.12    2.78    9.38   14.18   18.28   19.98   21.68   17.48   10.48    7.78    0.17   -3.09    8.78   19.98   11.91    9.40
1964   -3.93   -0.73    3.97   10.57   12.77   19.17   19.07   18.67   14.47   12.37    6.37    1.55   -1.50    9.10   18.97   11.07    9.41
1965   -0.35   -4.45    4.25    7.75   13.65   18.15   20.75   17.95   17.95   10.05    5.85    2.34   -1.08    8.55   18.95   11.28    9.43
1966   -3.06    6.14    4.04   11.24   14.14   17.04   19.64   20.34   16.04   14.54    6.44   -0.07    1.81    9.81   19.01   12.34   10.74
1967   -3.67   -0.37    5.33    9.23   14.63   16.23   19.33   20.33   16.33   12.63    5.63    0.71   -1.37    9.73   18.63   11.53    9.63
1968   -2.69    2.11    4.41   13.01   18.01   18.21   20.01   18.21   16.01   10.41    6.51   -0.60    0.04   11.81   18.81   10.98   10.41
1969   -5.00    0.90    2.40    8.50   17.50   17.20   17.80   19.80   16.60    9.60    7.80    0.39   -1.57    9.47   18.27   11.33    9.38
1970   -0.01    1.19    4.89   11.09   12.39   17.59   19.19   19.49   15.99    9.69    5.79    1.38    0.52    9.46   18.76   10.49    9.81
1971    1.48    0.78    3.08   10.38   15.88   17.68   18.18   19.78   13.38    8.58    4.88    2.16    1.21    9.78   18.55    8.95    9.62
1972    0.56    0.76    5.86   12.06   14.86   19.76   20.06   18.56   13.46    7.26    5.36   -0.85    1.16   10.93   19.46    8.69   10.06
1973   -1.75    1.75    2.25    9.35   15.45   17.35   19.65   17.75   16.45   10.85    2.45   -1.06   -0.28    9.02   18.25    9.92    9.22
1974   -0.26    2.74    5.04    7.74   12.64   16.24   19.34   19.74   17.04   12.14    3.74    0.32    0.47    8.47   18.44   10.97    9.59
1975   -0.78   -0.78    7.52   11.12   15.32   17.52   19.02   18.02   16.92   10.32    2.72    0.71   -0.41   11.32   18.19    9.99    9.77
1976    0.41   -0.79    2.91   10.01   13.41   15.81   18.21   15.51   13.91   10.21    5.71    0.10    0.11    8.78   16.51    9.94    8.84
1977   -1.00    6.10    7.10    9.60   14.90   17.30   19.90   19.40   13.90    9.70    7.30   -2.12    1.73   10.53   18.87   10.30   10.36
1978   -1.52    1.38    5.68    8.98   13.28   17.88   19.68   18.18   13.98    9.78    1.08    2.37   -0.75    9.31   18.58    8.28    8.86
1979   -1.43    1.27    7.47    8.77   14.57   18.77   18.47   18.37   15.87    8.67    6.27    2.46    0.74   10.27   18.54   10.27    9.95
1980   -3.94    0.36    4.16    7.96   12.76   18.06   19.66   18.56   14.76   11.86    6.06    0.55   -0.37    8.29   18.76   10.89    9.39
1981   -3.25   -0.35    7.35    9.85   13.15   19.25   18.75   18.15   16.35   12.25    3.05    1.83   -1.02   10.12   18.72   10.55    9.59
1982   -1.57   -1.57    3.43    8.13   14.73   18.83   18.73   19.43   17.73   11.03    2.43    2.62   -0.44    8.76   19.00   10.40    9.43
1983    1.52   -0.58    6.22   12.42   16.52   15.82   20.12   18.82   15.42    9.72    1.82    0.31    1.19   11.72   18.25    8.99   10.04
1984    0.51   -0.29    2.61    7.31  999.90  999.90  999.90  999.90  999.90  999.90  999.90  999.90    0.18    7.39  999.90  999.90  999.90
1985  999.90  999.90  999.90  999.90  999.90  999.90   20.79   20.99   16.29    9.59    5.39    3.78  999.90  999.90   20.22   10.42  999.90
1986    0.18   -1.22    4.58   12.88   15.48   18.18   18.98   20.88   17.38    9.78    3.08   -1.63    0.91   10.98   19.35   10.08   10.33
1987   -2.43    2.17    0.07    9.17   13.37   19.27   23.17   20.27   19.67    9.17    6.07    1.26   -0.63    7.54   20.90   11.64    9.86
1988    1.86    1.76    4.26    8.56   14.36   17.46   23.06   21.76   16.36    9.36   -1.64    0.44    1.63    9.06   20.76    8.03    9.87
1989   -0.36    3.34    7.94   13.34   13.14   15.94   19.74   19.94   15.14    9.94    2.94   -1.17    1.14   11.47   18.54    9.34   10.12
1990   -3.27    4.23    8.83    9.93   14.03   18.33   21.33   20.13   14.93   11.23    7.13    0.72   -0.07   10.93   19.93   11.10   10.47
1991   -1.38   -1.78    5.82    8.32   11.52   18.92   19.82   18.82   16.02   10.12    5.52   -3.20   -0.81    8.55   19.19   10.55    9.37
1992   -0.90    0.30    4.80   10.30   13.30   17.70   19.60   23.10   16.00   13.00    5.60   -1.21   -1.27    9.47   20.13   11.53    9.97
1993   -0.71   -2.21    3.59    9.99   15.29   19.19   21.39   21.99   16.79   13.79    1.59    2.48   -1.38    9.62   20.86   10.72    9.96
1994    1.68    0.78    7.48   11.78   15.88   18.28   20.88   22.18   20.98   10.88    5.08    0.56    1.65   11.71   20.45   12.31   11.53
1995   -1.94    4.56    4.56    9.66   13.66   18.46   20.66   18.86   14.86   10.26    1.56    1.45    1.06    9.29   19.33    8.89    9.64
1996   -2.25   -2.05   -0.45    9.15   16.55   20.15   21.25   20.35   12.65    9.55    6.95    1.74   -0.95    8.42   20.58    9.72    9.44
1997   -0.16    2.14    3.44    5.14   16.04   19.54   20.04   18.14   14.64    8.04    5.14    0.13    1.24    8.21   19.24    9.27    9.49
1998    1.13    3.43    2.53   12.73   14.33   19.63   21.83   21.73   14.73   11.23    3.33   -4.09    1.56    9.86   21.06    9.76   10.56
1999   -0.89   -0.39    5.81   11.01   15.21   18.71   21.21   21.61   17.31   11.21    4.51    2.10   -1.79   10.68   20.51   11.01   10.10
2000   -4.50    1.20    5.20   12.80   16.30   19.40   22.80   22.60   15.70   10.80    8.70    2.30   -0.40   11.43   21.60   11.73   11.09
2001    0.80    1.80    9.80    9.50   15.10   17.60   21.90   22.30   16.70   13.00    4.00   -5.20    1.63   11.47   20.60   11.23   11.23
2002   -2.10    4.90    7.40    8.90   15.80   20.00   21.90   19.20   14.90   10.70    6.30   -0.30   -0.80   10.70   20.37   10.63   10.22
2003    0.20   -3.80    3.60    8.50   17.90   21.10   21.40   22.60   15.20   10.20    6.60    0.20   -1.30   10.00   21.70   10.67   10.27
2004   -2.30    1.90    5.40   11.40   13.40   18.40   20.80   20.10   17.10   12.80    6.10    1.90   -0.07   10.07   19.77   12.00   10.44
2005    0.60   -1.60    3.90   10.40   15.30   17.80   20.40   19.00   16.00   10.20    4.30    1.70    0.30    9.87   19.07   10.17    9.85
2006   -2.70   -0.40    5.00   11.00   15.30   18.00   20.40   20.60   16.50   12.00    5.40    0.40   -0.47   10.43   19.67   11.30   10.23
2007    4.40    3.80    6.80   11.50   16.60   20.70   23.70   21.20   14.50   10.60    2.80   -0.60    2.87   11.63   21.87    9.30   11.42
2008   -1.60    2.70    7.60   12.50   15.70   19.80   21.20   23.00   15.60   11.80    6.20    2.50    0.17   11.93   21.33   11.20   11.16
2009   -0.90    0.60    4.90   11.20   16.30   19.20   21.50   20.70   16.30   11.10    7.40    2.80    0.73   10.80   20.47   11.60   10.90
2010    0.10    1.60    5.50   10.50   15.70   18.60   21.20   22.50   16.30    8.60   10.20    0.60    1.50   10.57   20.77   11.70   11.13
2011   -1.40    0.00    5.00    9.80   14.80   19.10   21.90   21.40   19.30    9.20    2.60    1.30   -0.27    9.87   20.80   10.37   10.19
2012   -2.20   -3.80    6.50   11.90   14.80   21.50   25.00   22.80   18.90   13.80    7.60   -0.80   -1.57   11.07   23.10   13.43   11.51
2013    0.60    2.70    5.30   12.30   18.50   18.70   20.80   22.80   16.20   11.60    7.10    0.30    0.83   12.03   20.77   11.63   11.32
2014    0.90    5.00    7.90   10.60   14.40   18.20   20.40   21.20   15.80   11.20    6.20    1.70    2.07   10.97   19.93   11.07   11.01
2015    0.60    1.50    4.40    9.80   17.00   17.60   23.40   22.40   18.70   10.30    8.70    2.10    1.27   10.40   21.13   12.57   11.34
2016   -0.90    7.20    6.90   13.90   14.20   20.60   22.30   20.90   17.10   10.30    5.20   -0.50    2.80   11.67   21.27   10.87   11.65
